# Created by Octave 4.0.0, Tue Sep 25 10:56:43 2018 CEST <jorcisai@blackbass>
# name: w
# type: matrix
# rows: 11
# columns: 1
 0.84116
 0.44294
 0.41423
 0.74831
 0.51373
 0.51026
 0.96081
 0.49666
 0.81696
 0.18608
 0.61164


